100
1458
2916
5832
11664
23328
46656
93312
186624
373248
746496
1492992
2985984
5971968
11943936
23887872
47775744
95551488
191102976
382205952
764411904
693396938
760295465
331511338
589898005
776406265
295422613
617799076
629701480
84766077
57552876
899913256
870930420
979430657
936890091
680256108
605787700
25005045
932262032
777838555
377850484
862883386
736049634
6160741
742233138
582079329
364649967
351825880
526836911
124816011
64328588
93993504
477342119
110951337
585264080
593857374
796248898
198994213
665866525
441909123
361724860
683920826
831094840
368526855
413396981
148217212
559691793
81651355
638944545
643365554
496550111
35767905
909112605
120497219
472767826
115497487
427810905
292077826
630872215
219451253
136961101
184056136
283888941
325265574
823288754
49301332
555330853
918465334
52379175
668399427
388958238
906975946
27168250
667804841
387570021
162481300
649819693
195237436
36357948
637446561
100239903